山石
123456
151 1013 2897
151 1013 2885
151 1013 2872
151-1013-2863
151-1013-2857
151-1013-2831
18511583777
15652919800
13260070669
顺风的




15110132897
15110132885
15110132872
15110132863
15110132857
15110132831
15110132827
15110132790
15110132771
15110132763
15110135037

15110135070 
18500378777
18501363777
18501955777
18510663777
18513505777
18513958777
18511583777
15652919800
13260070669
13260070779
13260070970
13260071158 
15300252327
15300252510
15300252696
15300252708
15300252711 
15300252715 
15300252739 
15300252808 
15301117955 
15301117957 
15301118032 
15301158170
15261377190
13477734605
17395176648
15173263599
13914152683
17140575884
17823910816
17634653345
17438115369
15851398728
15554127630
15984917525
15809945753
17541732222
15369128606
15657545652
15192314732
13709471600
15368880294
